NAME	= temps_sdat
DESCRIPTION	= 
UNIT	= 
DATAFORMAT	= FLOAT
DATAFILE_OFFSET	= 0
BYTEORDER_BIG	= FALSE
TOPTOBOTTOM	= FALSE
POSITION_XMIN	= -47.7722918609999851
POSITION_YMIN	= 26.0304235649999924
CELLCOUNT_X	= 1292
CELLCOUNT_Y	= 485
CELLSIZE	= 0.1000000000000000
Z_FACTOR	= 1.000000
Z_OFFSET	= 0.000000
NODATA_VALUE	= -99999.000000;-99999.000000
